7 2 4 4 5 1 6 5 7 4 0 4 1 3 8 0 6 0 4 5 9 6 10 4 11 5 12 1 8 6 2 6 3 0 5 2 11 1 1 1 0 2 9 0 7 3 12 6 13 2 10 5 13 3 3 3 2 
7 2 6 3 7 1 8 4 9 0 8 3 0 3 1 4 10 5 2 5 3 0 6 6 11 5 12 1 1 1 0 0 7 1 10 6 4 6 5 0 9 3 12 2 3 2 2 6 13 4 4 5 13 2 11 4 5 
7 2 4 4 5 1 6 5 7 4 0 4 1 3 8 0 6 0 4 5 9 6 2 6 3 4 10 6 11 5 12 1 8 0 5 3 10 1 1 1 0 3 12 6 13 2 9 0 7 3 11 2 3 2 2 5 13 
7 2 4 4 5 1 6 3 7 4 0 4 1 3 8 0 6 6 9 0 4 5 2 5 3 5 10 0 7 1 8 6 11 0 5 6 12 1 1 1 0 6 13 2 3 2 2 3 10 2 9 5 13 3 11 4 12 
7 2 6 4 7 1 8 3 9 0 8 4 0 4 1 5 10 6 2 6 3 5 11 0 6 5 12 6 4 6 5 0 9 5 13 1 1 1 0 0 7 4 13 2 11 3 12 1 10 3 4 2 3 2 2 3 5 
7 2 1 4 8 1 9 2 0 0 9 4 2 4 3 5 10 5 11 6 12 0 1 0 0 6 7 5 4 5 5 6 6 6 13 1 3 1 2 0 8 1 10 3 5 3 4 2 11 2 12 3 7 3 6 4 13 
7 2 1 4 10 1 11 2 0 0 11 4 2 4 3 5 12 6 4 6 5 0 1 0 0 5 9 6 6 6 7 5 8 5 13 1 3 1 2 0 10 4 13 3 9 3 8 1 12 3 6 2 5 2 4 3 7 
7 3 1 4 10 2 11 3 0 4 5 5 2 5 3 4 4 0 11 5 6 5 7 6 12 6 8 6 9 0 1 0 0 6 13 1 5 1 4 0 10 1 2 2 7 2 6 1 3 4 13 3 9 3 8 2 12 
7 3 1 5 8 2 9 3 0 4 5 5 2 5 3 4 4 0 9 5 10 4 11 6 12 6 6 6 7 0 1 0 0 2 11 1 5 1 4 6 13 1 3 1 2 2 10 0 8 4 13 3 7 3 6 2 12 
7 4 0 4 1 3 2 3 3 5 7 4 4 4 5 5 6 6 11 5 8 5 9 6 10 0 2 6 12 6 13 0 3 1 5 1 4 0 1 0 0 2 8 1 7 1 6 2 9 3 12 2 11 2 10 3 13 
7 2 4 4 5 1 6 5 7 4 0 4 1 3 8 0 6 0 4 5 9 6 10 4 11 5 12 1 8 6 2 6 3 0 5 2 11 1 1 1 0 2 9 0 7 3 12 6 13 2 10 5 13 3 3 3 2 
7 2 6 3 7 1 8 4 9 0 8 3 0 3 1 4 10 5 2 5 3 0 6 6 11 5 12 1 1 1 0 0 7 1 10 6 4 6 5 0 9 3 12 2 3 2 2 6 13 4 4 5 13 2 11 4 5 
7 2 4 4 5 1 6 5 7 4 0 4 1 3 8 0 6 0 4 5 9 6 2 6 3 4 10 6 11 5 12 1 8 0 5 3 10 1 1 1 0 3 12 6 13 2 9 0 7 3 11 2 3 2 2 5 13 
7 2 4 4 5 1 6 3 7 4 0 4 1 3 8 0 6 6 9 0 4 5 2 5 3 5 10 0 7 1 8 6 11 0 5 6 12 1 1 1 0 6 13 2 3 2 2 3 10 2 9 5 13 3 11 4 12 
7 2 6 4 7 1 8 3 9 0 8 4 0 4 1 5 10 6 2 6 3 5 11 0 6 5 12 6 4 6 5 0 9 5 13 1 1 1 0 0 7 4 13 2 11 3 12 1 10 3 4 2 3 2 2 3 5 
7 2 1 4 8 1 9 2 0 0 9 4 2 4 3 5 10 5 11 6 12 0 1 0 0 6 7 5 4 5 5 6 6 6 13 1 3 1 2 0 8 1 10 3 5 3 4 2 11 2 12 3 7 3 6 4 13 
7 2 1 4 10 1 11 2 0 0 11 4 2 4 3 5 12 6 4 6 5 0 1 0 0 5 9 6 6 6 7 5 8 5 13 1 3 1 2 0 10 4 13 3 9 3 8 1 12 3 6 2 5 2 4 3 7 
7 3 1 4 10 2 11 3 0 4 5 5 2 5 3 4 4 0 11 5 6 5 7 6 12 6 8 6 9 0 1 0 0 6 13 1 5 1 4 0 10 1 2 2 7 2 6 1 3 4 13 3 9 3 8 2 12 
7 3 1 5 8 2 9 3 0 4 5 5 2 5 3 4 4 0 9 5 10 4 11 6 12 6 6 6 7 0 1 0 0 2 11 1 5 1 4 6 13 1 3 1 2 2 10 0 8 4 13 3 7 3 6 2 12 
7 4 0 4 1 3 2 3 3 5 7 4 4 4 5 5 6 6 11 5 8 5 9 6 10 0 2 6 12 6 13 0 3 1 5 1 4 0 1 0 0 2 8 1 7 1 6 2 9 3 12 2 11 2 10 3 13 
