3 4 6 2
4 4 6 8 2
5 6 8 10 2 4
5 4 8 10 2 6
6 4 8 12 10 2 6
6 4 8 10 12 2 6
6 4 8 10 2 12 6
7 8 10 12 14 2 4 6
7 4 10 14 12 2 8 6
7 6 10 12 14 2 4 8
7 6 10 12 14 4 2 8
7 4 10 12 14 2 8 6
7 4 8 12 2 14 6 10
7 4 8 10 12 2 14 6
8 4 10 16 14 12 2 8 6
8 4 10 12 14 16 2 6 8
8 6 12 10 16 14 4 2 8
8 6 10 12 16 14 4 2 8
8 6 8 12 2 14 16 4 10
8 4 10 14 16 12 2 8 6
8 4 10 12 14 2 16 6 8
8 4 8 12 2 16 14 6 10
8 6 10 12 14 16 4 2 8
8 4 8 12 2 14 16 6 10
8 4 10 12 14 16 2 8 6
8 4 8 14 10 2 16 6 12
8 4 10 12 14 2 16 8 6
8 4 8 10 14 2 16 6 12
8 4 8 12 2 14 6 16 10
8 6 8 14 12 4 16 2 10
8 6 8 12 14 4 16 2 10
8 6 8 10 12 14 16 2 4